url_path,views_total,views_unique
/mike-clark-8192/pathtree-py,1,1
